010010010000000000000000000000000000000000000000000000000000000000
000010010000011000100000100000000000000000000000000000000000000000
000011010000000000010000110110000000000001010000000000000001000000
000011010000000000010000110110000000000001010000000000000101000000
011010100000000000000000000000000000000000000000000000000000000000
000010010000011000100000100000100000000000000000000000000000000000
000011010000000000010000110110000010001001010000000000000000000000
000011010000000000010000110110000010001001010000000000000100100000
000011010000000000100000000001100000000001010000000000000010000100
000010010000011000100000100001000000000000000000000000000000000000
000100010000000000000000000000000000000010000000000000000000000000
000100010000000000000000000000000000000010000000000000000000000000
000010010000000100000100110000000000000000000000000000000000000000
000010010000011000001000100000000000000000000000000000000000000000
000010010000010000010000001010000010000000000000000000000000000000
000011010000000000010000000000000000000001010000000000000000100000
001010000000000000000000000000011100000000000000000000000000000000
001010001000000000000000000000011000000000000000000000000000000000
000011010000000110000000000000000000001001010000000000000010100000
000011010000000110000000000000000000001001010000000000000010100000
000010010000010110000101110000000000000000000000000000000000000000
000010010000010110000101001100000010000000000000000000000000000000
000010010000000100000100001000000010000000000000000000000000000000
000010000010000000100000000001100100000000000000000000000000000000
000010001010000000100000000001100000000000000000000000000000000000
001011001010000000000000000000010100000000000000000000000000000000
000100110000000000000000000000000000000010000010000000000000000000
000010010000011001000000000000000100000000000000000000000000000000
001011100010010010000001000000010100000000000000000000000000000000
001011101010000000000000000000010000000000000000000000000000000000
000010010000000101000010000000000100000000000000000000000000000000
000010010000011001000000000000000000000000000000000000000000000000
100000000000100000000000000000000000000000000000000000000000000000
001100001010000000000000000000010100000000000000000000000000000000
000100100000000100000110000000000000000000000100000000000000010000
000100000001000001000000000000000100000000000000000000000000000000
000100101000000000100000000001100000010000000000000000000000000100
000011010000010000000000000000000000000001010000001000000101101000
000110000100000000000000000000000000000000000000000001000000000000
000100100000000100000110000000000000000000000100000000000000000000
001101000000000000000000000000011100000000000000000000000000000000
001101001000000000000000000000011100000000000000000000000000000000
000011010100000000000000000000000000000001010000000010000001100000
000101000110000000000000000000000101000000000000010000011000000000
001101100010000000000000000000010100000000000000000000000000000000
000000000000000000000000000000000000000000000000000000000000000000
000010010000000101000010000000000100000000000000000000000000000000
000000000000000000000000000000000000000000000000000000000000000000
001110000010000000000000000000010100000000000000000000000000000000
000101001010000010000000000000000100000000000000000000000000000000
000110101000000000000000000000000000000100000000000000000000000000
000110100000000000000000000000000000000000001000000000000000000000
001110100000000000000000000000011100000000000000000000000000000000
000110011000000000000000000000000000000010000001000000000000000000
011000000100000000000000000000000000000000000000000000100000000010
000000000000000000000000000000000000000000000000000000000000000000
000000000000000000000000000000000000000000000000000000000000000000
001111001010000000000000000000010100000000000000000000000000000000
000010010000010000000000000000000000000000000000000100000000001001
000111100100000101000010000000000100000000000000000000001000000000
001111100010000000000000000000010100000000000000000000000000000000
000111010000000000000000000000000000100000000000100000000000000000
000111101100000001000000000000000101000000000000000000001000000000
000100001000000000000000000000000000000000000000000000000000000010

